# Created by Octave 4.2.0, Wed Jan 25 20:23:01 2017 GMT <unknown@unknown>
# name: avg
# type: scalar struct
# ndims: 2
 1 1
# length: 9
# name: lvl
# type: matrix
# rows: 1
# columns: 99
 1 2 3 4 5 6 7 8 9 10 11 12 13 14 15 16 17 18 19 20 21 22 23 24 25 26 27 28 29 30 31 32 33 34 35 36 37 38 39 40 41 42 43 44 45 46 47 48 49 50 51 52 53 54 55 56 57 58 59 60 61 62 63 64 65 66 67 68 69 70 71 72 73 74 75 76 77 78 79 80 81 82 83 84 85 86 87 88 89 90 91 92 93 94 95 96 97 98 99


# name: mhp
# type: matrix
# rows: 1
# columns: 99
 70 141 211 282 353 424 494 565 636 706 777 848 919 989 1060 1131 1201 1272 1343 1414 1484 1555 1626 1696 1767 1838 1909 1979 2050 2121 2191 2262 2333 2404 2474 2545 2616 2686 2757 2828 2899 2969 3040 3111 3181 3252 3323 3394 3464 3535 3606 3676 3747 3818 3889 3959 4030 4101 4171 4242 4313 4384 4454 4525 4596 4666 4737 4808 4879 4949 5020 5091 5161 5232 5303 5374 5444 5515 5586 5656 5727 5798 5869 5939 6010 6081 6151 6222 6293 6364 6434 6505 6576 6646 6717 6788 6859 6929 7000


# name: mmp
# type: matrix
# rows: 1
# columns: 99
 15 30 45 60 76 91 106 121 136 151 167 182 197 212 227 242 257 273 288 303 318 333 348 364 379 394 409 424 439 454 470 485 500 515 530 545 561 576 591 606 621 636 651 667 682 697 712 727 742 758 773 788 803 818 833 848 864 879 894 909 924 939 954 970 985 1000 1015 1030 1045 1061 1076 1091 1106 1121 1136 1151 1167 1182 1197 1212 1227 1242 1258 1273 1288 1303 1318 1333 1348 1364 1379 1394 1409 1424 1439 1455 1470 1485 1500


# name: att
# type: matrix
# rows: 1
# columns: 99
 15 18 21 24 27 30 32 35 38 41 44 47 50 53 56 59 62 64 67 70 73 76 79 82 85 88 91 94 96 99 102 105 108 111 114 117 120 123 126 128 131 134 137 140 143 146 149 152 155 158 160 163 166 169 172 175 178 181 184 187 189 192 195 198 201 204 207 210 213 216 219 221 224 227 230 233 236 239 242 245 248 251 253 256 259 262 265 268 271 274 277 280 283 285 288 291 294 297 300


# name: def
# type: matrix
# rows: 1
# columns: 99
 15 18 21 24 27 30 32 35 38 41 44 47 50 53 56 59 62 64 67 70 73 76 79 82 85 88 91 94 96 99 102 105 108 111 114 117 120 123 126 128 131 134 137 140 143 146 149 152 155 158 160 163 166 169 172 175 178 181 184 187 189 192 195 198 201 204 207 210 213 216 219 221 224 227 230 233 236 239 242 245 248 251 253 256 259 262 265 268 271 274 277 280 283 285 288 291 294 297 300


# name: mat
# type: matrix
# rows: 1
# columns: 99
 15 18 21 24 27 30 32 35 38 41 44 47 50 53 56 59 62 64 67 70 73 76 79 82 85 88 91 94 96 99 102 105 108 111 114 117 120 123 126 128 131 134 137 140 143 146 149 152 155 158 160 163 166 169 172 175 178 181 184 187 189 192 195 198 201 204 207 210 213 216 219 221 224 227 230 233 236 239 242 245 248 251 253 256 259 262 265 268 271 274 277 280 283 285 288 291 294 297 300


# name: mdf
# type: matrix
# rows: 1
# columns: 99
 15 18 21 24 27 30 32 35 38 41 44 47 50 53 56 59 62 64 67 70 73 76 79 82 85 88 91 94 96 99 102 105 108 111 114 117 120 123 126 128 131 134 137 140 143 146 149 152 155 158 160 163 166 169 172 175 178 181 184 187 189 192 195 198 201 204 207 210 213 216 219 221 224 227 230 233 236 239 242 245 248 251 253 256 259 262 265 268 271 274 277 280 283 285 288 291 294 297 300


# name: agi
# type: matrix
# rows: 1
# columns: 99
 20 24 28 32 36 39 43 47 51 55 59 63 67 70 74 78 82 86 90 94 98 101 105 109 113 117 121 125 129 132 136 140 144 148 152 156 160 163 167 171 175 179 183 187 191 194 198 202 206 210 214 218 222 226 229 233 237 241 245 249 253 257 260 264 268 272 276 280 284 288 291 295 299 303 307 311 315 319 322 326 330 334 338 342 346 350 353 357 361 365 369 373 377 381 384 388 392 396 400


# name: luk
# type: matrix
# rows: 1
# columns: 99
 20 24 28 32 36 39 43 47 51 55 59 63 67 70 74 78 82 86 90 94 98 101 105 109 113 117 121 125 129 132 136 140 144 148 152 156 160 163 167 171 175 179 183 187 191 194 198 202 206 210 214 218 222 226 229 233 237 241 245 249 253 257 260 264 268 272 276 280 284 288 291 295 299 303 307 311 315 319 322 326 330 334 338 342 346 350 353 357 361 365 369 373 377 381 384 388 392 396 400




